1000
62509
78787
71444
24411
65631
9067
55064
8297
61992
26187
39458
72349
46712
99748
49198
16360
18465
51954
35624
70619
361
32766
16782
57004
21970
90514
71852
21924
39069
75726
51234
40268
29838
20138
79293
67007
67248
10611
55019
99
27175
9052
96556
29792
33354
45439
23741
4930
43101
43548
39518
55040
29696
68462
81319
43877
88355
91509
16329
420
89961
60814
21303
71151
29688
51459
63133
95890
41652
32964
55845
26104
71798
93185
46718
72090
60291
94453
68557
48230
54067
44369
4333
25895
33284
76100
40574
92
90244
87879
35324
5272
24167
1169
88588
13282
76819
34701
33328
46004
5788
63767
24308
2836
87854
94793
16422
25899
31695
95546
40477
31706
33671
59206
49017
44335
93331
99074
91988
92032
69293
99316
67981
36036
40858
94113
15228
56556
15186
8285
37357
76567
23891
29948
89653
14587
9166
58263
51719
3557
82291
56618
80287
83539
72723
44102
79656
75296
26614
62581
8502
41001
9842
62121
53007
19232
39024
41764
21059
13952
21052
71820
93998
15013
42376
51373
7873
22353
78172
3026
54374
51084
24531
30724
32572
68253
37145
909
52623
50801
71449
64484
67120
28807
45660
48568
43823
86644
75770
10052
40345
96765
67707
33531
34927
13548
38723
77090
44698
99745
59790
878
62782
51189
19130
27872
47989
96985
13895
38689
18377
35608
58679
54323
15840
19
40630
3633
21192
42833
86087
1920
5417
78320
51162
51004
46583
91494
42589
80743
82829
40458
37919
1069
38416
439
10341
32351
97545
24404
72807
86290
91962
60933
13766
13624
34901
69479
63706
80510
44178
43493
28418
78991
76955
19231
12751
87831
74220
63329
48313
75269
80338
97582
76700
96675
49622
88124
41907
59481
15849
68427
31634
45641
91608
26365
56960
43177
47686
61963
78283
63311
81227
96195
5068
45715
74231
15628
69450
74720
84676
38305
41609
14045
64837
25905
45341
24612
97114
52434
39935
33993
17866
26907
40783
88603
53066
12913
65012
88603
12969
47700
76580
18806
34610
56146
78086
92869
94372
93664
70457
2574
38426
28720
79421
43989
96568
91926
97131
6215
81198
174
15187
45442
1858
36899
12404
13689
4693
84258
81914
70599
30668
611
25268
72792
4397
76757
93227
98364
3638
6787
55755
108
79543
35650
32372
68123
15065
85548
29409
80156
77515
31229
96291
61130
6096
76676
4970
16716
76835
92066
91758
47688
23131
3814
42430
12413
84003
14066
28132
67505
32950
58816
44441
97901
51651
23174
48775
65010
40770
42297
1841
38010
74842
47641
80901
2669
97275
42261
15986
66466
6402
21510
97335
44964
60984
83924
7125
42428
87144
85828
7074
21184
76810
58425
41747
30623
44490
79915
8290
9190
98051
50433
60972
42807
53688
8715
6555
74320
85604
29199
77071
20912
31121
66329
60871
20292
20724
56680
72929
88204
29731
43533
910
3880
34044
89987
54210
53737
48202
4203
8034
31104
27192
39972
26619
1083
17772
89351
52854
55237
93863
53893
62565
47579
830
83990
23783
4514
82712
87964
39601
90887
50038
15144
15214
47606
52690
15503
79444
62031
62763
21026
23742
69864
42598
45286
94593
70923
45252
87
10816
47637
39497
56274
93710
61888
38026
94756
70590
22232
19414
73896
37846
63913
83562
80960
58418
48484
9043
31037
23454
77689
14668
85258
7821
18973
58113
64238
54426
25587
78400
78989
38859
15395
36678
56090
16796
3087
17088
48679
42014
82649
77655
81322
38881
10753
23382
94907
65354
64651
43495
84570
73270
67130
91402
68683
3067
18345
37493
81006
94687
90909
82017
75693
30619
67987
79354
74732
14097
40206
37670
48974
32734
30357
87060
70289
55010
90059
72041
98122
31503
67635
67062
44291
18792
97576
40532
7612
69916
43951
41622
36817
59237
16550
7990
98925
81203
33080
91884
56935
59409
96589
66362
88419
10702
82176
46978
91264
73648
39858
83319
20462
42138
2574
55787
1034
34781
66917
31192
16945
86791
94259
21592
26967
11192
99710
62811
27578
74771
46372
84234
8948
24719
30850
13976
42773
31763
47575
7648
20467
22297
25998
46965
91588
5645
5308
32678
12492
39760
8031
85567
12815
18470
85723
52896
66772
31259
72754
819
57934
48954
72196
71635
22257
54804
62724
41492
1395
30052
73425
26581
60906
35550
33450
56983
79849
27149
24759
13710
43503
50956
13509
86508
80901
22650
37955
26091
52106
17355
5198
46597
43110
3906
97038
81864
78091
65030
95578
24635
64246
55229
61839
35486
78850
52997
15652
38749
42655
82871
21093
63121
87078
23838
63147
20152
66627
24529
91108
32049
47086
2262
30051
52630
49968
64731
8163
50509
3160
25706
95689
11387
41766
40109
95128
98252
1799
43136
98006
42233
33915
90943
6747
87950
8502
71926
64216
43542
59282
65344
40309
2697
88944
79513
24990
66947
74389
69056
91961
12420
54146
16862
96842
25496
55198
41556
71579
19718
86926
56820
17913
98771
43279
99995
78216
47080
32274
99381
87916
70264
9677
82869
78039
30682
75036
95933
85401
86956
80133
41509
57177
99409
30272
96771
98348
71600
23366
79102
96169
10623
62311
38504
28785
85315
46174
87402
21384
48419
26102
18739
17617
82765
30473
65269
24708
23023
38001
66088
64106
14423
92376
31334
93450
8200
69256
99932
12850
38980
45697
75274
49389
89748
44513
38940
57792
27074
54683
12276
43148
33955
33549
46387
37642
1965
89873
62013
2131
74439
46279
34728
60738
26501
70187
23741
72399
76743
98236
42318
36499
86221
6133
19271
75899
22613
79056
85475
59122
90249
29691
10785
61779
31192
74473
46354
44921
42510
46779
70299
63170
51339
53535
64369
97373
65508
4754
82787
40619
91810
77942
90937
63456
89947
1137
83155
5458
24488
10876
86651
53747
82114
74939
38828
32274
91431
47652
36690
22815
28629
95516
3659
20797
81419
18663
85888
98673
76081
47887
5834
54919
33644
69612
87322
78392
51464
40515
50196
1310
78519
89817
13598
1264
48528
63969
47288
19446
42792
12378
52623
49675
25843
61640
39537
93164
72990
17450
28286
18325
87157
25527
11327
5393
18510
72054
9778
36204
60941
59107
42940
1565
42311
41815
54647
52712
48692
73358
19932
93956
93189
58639
14811
69914
1176
68102
92859
56296
25796
57358
50006
39321
79036
23657
94984
21666
39473
95546
87732
1332
8757
72481
26549
11351
21679
78193
40840
74224
66061
11587
83589
65560
82878
24713
94377
56442
26304
36991
80776
11208
33411
96796